small Blue
[69, 64, 76]

[68, 63, 72]

[50, 53, 46]

[50, 54, 49]

[73, 64, 79]

[78, 69, 82]
[66, 61, 68]

Large Blue

[85, 74, 103]

[68, 63, 86]

[70, 65, 86]

[69, 63, 86]

[71, 65, 89]

small white
[259, 262, 154]

[258, 261, 153]

[255, 252, 150]

[252, 252, 150]

[244, 242, 149]


large white
[251, 257, 182]

[237, 239, 173]

[254, 261, 181]

[228, 236, 169]

[248, 255, 180]


Small Red
[46, 160, 29]

[43, 127, 27]

[43, 119, 27]

[43, 130, 28]

[44, 147, 27]

[43, 142, 28]


Large Red
[43, 142, 30]

[46, 141, 30]

[46, 141, 30]

[44, 156, 30]

[44, 117, 30]

[47, 126, 32]
[43, 115, 29]

HDPE

[143, 145, 92]

[138, 141, 90]

[145, 146, 93]

[138, 141, 91]

[140, 142, 84]



Steel
[78, 92, 45]

[92, 99, 51]

[78, 88, 44]

[74, 84, 43]


Large Green
[58, 54, 31]

[63, 56, 33]

[65, 58, 33]

[124, 84, 50]

[62, 57, 33]

[122, 83, 48]


Small Green
[111, 77, 40]

[91, 69, 36]

[81, 63, 33]

[86, 65, 34]

[80, 69, 33]

Small Yellow

[151, 235, 39]

[158, 242, 36]

[163, 239, 35]

[146, 199, 37]

[145, 214, 36]


Large Yellow
[131, 242, 36]
[132, 238, 39]
[138, 243, 40]
[126, 236, 37]
[125, 235, 35]
